name: p39
channels:
  - conda-forge
  - defaults
dependencies:
  - brotli=1.0.9=hcfcfb64_8
  - brotli-bin=1.0.9=hcfcfb64_8
  - bzip2=1.0.8=h8ffe710_4
  - ca-certificates=2022.9.24=h5b45459_0
  - contourpy=1.0.6=py39h1f6ef14_0
  - cycler=0.11.0=pyhd8ed1ab_0
  - cython=0.29.32=py39h99910a6_1
  - fonttools=4.38.0=py39ha55989b_1
  - freetype=2.12.1=h546665d_1
  - intel-openmp=2022.2.1=h57928b3_19741
  - jpeg=9e=h8ffe710_2
  - kiwisolver=1.4.4=py39h1f6ef14_1
  - lcms2=2.14=h90d422f_0
  - lerc=4.0.0=h63175ca_0
  - libblas=3.9.0=16_win64_mkl
  - libbrotlicommon=1.0.9=hcfcfb64_8
  - libbrotlidec=1.0.9=hcfcfb64_8
  - libbrotlienc=1.0.9=hcfcfb64_8
  - libcblas=3.9.0=16_win64_mkl
  - libdeflate=1.14=hcfcfb64_0
  - libffi=3.4.2=h8ffe710_5
  - liblapack=3.9.0=16_win64_mkl
  - libpng=1.6.39=h19919ed_0
  - libsqlite=3.40.0=hcfcfb64_0
  - libtiff=4.4.0=h8e97e67_4
  - libwebp-base=1.2.4=h8ffe710_0
  - libxcb=1.13=hcd874cb_1004
  - libzlib=1.2.13=hcfcfb64_4
  - m2w64-gcc-libgfortran=5.3.0=6
  - m2w64-gcc-libs=5.3.0=7
  - m2w64-gcc-libs-core=5.3.0=7
  - m2w64-gmp=6.1.0=2
  - m2w64-libwinpthread-git=5.0.0.4634.697f757=2
  - matplotlib-base=3.6.2=py39haf65ace_0
  - mkl=2022.1.0=h6a75c08_874
  - msys2-conda-epoch=20160418=1
  - munkres=1.1.4=pyh9f0ad1d_0
  - numpy=1.23.5=py39hbccbffa_0
  - openjpeg=2.5.0=hc9384bd_1
  - openssl=3.0.7=hcfcfb64_1
  - packaging=21.3=pyhd8ed1ab_0
  - pip=22.3.1=pyhd8ed1ab_0
  - pthread-stubs=0.4=hcd874cb_1001
  - pycocotools=2.0.6=py39hc266a54_1
  - pyparsing=3.0.9=pyhd8ed1ab_0
  - python=3.9.15=h4de0772_0_cpython
  - python-dateutil=2.8.2=pyhd8ed1ab_0
  - python_abi=3.9=3_cp39
  - setuptools=65.5.1=pyhd8ed1ab_0
  - six=1.16.0=pyh6c4a22f_0
  - tbb=2021.7.0=h91493d7_0
  - tk=8.6.12=h8ffe710_0
  - tzdata=2022g=h191b570_0
  - ucrt=10.0.22621.0=h57928b3_0
  - unicodedata2=15.0.0=py39ha55989b_0
  - vc=14.3=h3d8a991_9
  - vs2015_runtime=14.32.31332=h1d6e394_9
  - wheel=0.38.4=pyhd8ed1ab_0
  - xorg-libxau=1.0.9=hcd874cb_0
  - xorg-libxdmcp=1.1.3=hcd874cb_0
  - xz=5.2.6=h8d14728_0
  - zstd=1.5.2=h7755175_4
  - pip:
    - aniso8601==9.0.1
    - attrs==22.1.0
    - certifi==2022.9.24
    - charset-normalizer==2.1.1
    - click==8.1.3
    - colorama==0.4.6
    - flask==2.2.2
    - flask-restx==1.0.3
    - idna==3.4
    - imageio==2.22.4
    - importlib-metadata==5.1.0
    - itsdangerous==2.1.2
    - jinja2==3.1.2
    - jsonschema==4.17.3
    - markupsafe==2.1.1
    - networkx==2.8.8
    - opencv-python==4.6.0.66
    - pandas==1.5.2
    - pillow==9.3.0
    - pyrsistent==0.19.2
    - pytz==2022.6
    - pywavelets==1.4.1
    - requests==2.28.1
    - scikit-image==0.19.3
    - scipy==1.9.3
    - tabulate==0.9.0
    - tifffile==2022.10.10
    - urllib3==1.26.13
    - werkzeug==2.2.2
    - zipp==3.11.0

prefix: /home/rsa-key-20200330/miniconda3/envs/p39